1024
10000 10006 10000 
10000 10000 10000 
10000 10000 10000 
10000 10000 10000 

10000 10000 10000 
10000 10054 10000 
10000 10000 10000 
10000 10000 10000 

10000 10000 10000 
10000 10000 10000 
10000 10000 10000 
10000 10000 10000 

10000 10000 10000 
10000 10000 10000 
10000 10000 10000 
9939 10000 10000 

10000 10000 10000 
10000 10000 10000 
10000 10000 10000 
9939 10000 10000 

10000 10000 10000 
10000 10000 10000 
10000 9873 10000 
9939 10000 10000 

10000 10000 10000 
10000 10000 10000 
10000 9873 10000 
9939 10000 10000 

10000 10000 10000 
10000 10000 10000 
10000 9873 10000 
9939 10000 10000 

10000 10000 10000 
10000 10000 10000 
10000 9873 10000 
9939 10000 10000 

10000 10000 10000 
10063 10000 10000 
10000 9873 10000 
10002 10000 10000 

10000 10000 10000 
10063 10000 10000 
10000 9873 10000 
10002 10000 10000 

10000 10000 10000 
10063 10000 10000 
10000 9873 10085 
10002 10000 10000 

10000 10000 10142 
10000 10000 10000 
10000 9873 10199 
9939 10000 10000 

10000 10000 10142 
10000 10085 10000 
10000 9873 10199 
9939 10000 10000 

10000 10000 10142 
10000 10085 10000 
10000 9873 10199 
9939 10000 10000 

10000 10000 10142 
10000 10085 10000 
10000 9873 10199 
9939 10000 10000 

10000 10000 10142 
9972 10085 10000 
10000 9873 10199 
9911 10000 10000 

10000 10000 10142 
9972 10085 10000 
10000 9873 10199 
9911 10000 10000 

10000 10000 10057 
10000 10085 10000 
10000 9873 10114 
9939 10000 10000 

10000 10000 10057 
10000 10085 10000 
10000 9873 10114 
9939 10000 10000 

10000 10000 10057 
10000 10085 10000 
10000 9873 10114 
9939 10000 10000 

10000 10000 10057 
10000 10085 10037 
10000 10000 10114 
9939 10000 10000 

10000 10000 10057 
10000 10085 10037 
10000 10000 10114 
9939 10000 10000 

10000 10000 10057 
10000 10085 10037 
10000 10000 10114 
9939 10000 10000 

10000 10000 10057 
10000 10085 10037 
10000 10000 10114 
9939 10000 10000 

10000 10000 10057 
10000 10085 10037 
10000 10000 10114 
9939 10000 10000 

10000 10000 10000 
10000 10085 10037 
10000 10000 10000 
9939 10000 10000 

10000 10000 10000 
10000 10085 9946 
10000 10000 10000 
9939 10000 10000 

10000 10000 10000 
10000 10085 10037 
10000 10000 10000 
9939 10000 10000 

10000 10000 10000 
10000 10085 10037 
10000 10000 10000 
9939 10000 10000 

10000 10000 10000 
10000 10000 10000 
10000 10000 10000 
9939 10000 10000 

10000 10000 10000 
10000 10000 9981 
10000 10000 10000 
9939 10000 10000 

10000 10006 10000 
10000 10000 10000 
10000 10000 10000 
10000 9971 10000 

9876 9937 10000 
10000 10054 10000 
10000 10000 10000 
10000 9971 10000 

10000 10126 10000 
10000 9971 10000 
10000 10000 10000 
10000 9886 10000 

10000 10126 10000 
10000 9971 10000 
10000 10000 10000 
10000 9886 10000 

10000 10000 10000 
10000 9971 10000 
10000 10000 10000 
10000 9886 10000 

10000 10000 10000 
10000 10000 10000 
10000 10000 10000 
10000 9915 10000 

10000 10000 10000 
10000 10000 10000 
10000 10000 10000 
10000 9915 10000 

10000 10000 10000 
10000 10000 10000 
10000 10000 10000 
10000 9915 10000 

10000 10000 10000 
10000 10000 10000 
9956 10000 10000 
10000 9915 10000 

10000 10000 10000 
10000 10000 10058 
10000 10000 10000 
10000 9915 10000 

10000 10000 10000 
10000 10000 10058 
10000 10056 10000 
10000 9915 10000 

10000 10000 10000 
10000 10000 10145 
10000 10056 10000 
10000 9915 10000 

10000 10000 10000 
10000 10000 10145 
10000 10056 10000 
10000 9915 10000 

10000 10000 10000 
10000 10000 10145 
10000 10056 10000 
10000 9915 10000 

10000 10000 10000 
10000 10000 10145 
10000 10056 10000 
10000 9915 10000 

10000 10000 10000 
10000 10000 10145 
10000 10056 10000 
10000 9915 10000 

10000 10000 10000 
10000 10000 10087 
10000 10056 10000 
10000 9915 10000 

10000 10000 10000 
10000 10000 10087 
10000 10056 10000 
10000 9915 10000 

10000 10000 10000 
10000 10000 10000 
10000 10056 10000 
10000 9915 10000 

10000 10000 10000 
10000 10000 10000 
10000 10056 10000 
10000 9915 10000 

10000 10000 10000 
10000 10000 10000 
10000 10056 10000 
10000 9915 10000 

10000 10079 10000 
10000 10000 10000 
10000 10000 10000 
10000 9915 10000 

10000 10079 10000 
10000 10000 10000 
10000 10000 10000 
10000 9915 10000 

10000 10079 10000 
10000 10000 10000 
10000 10000 10000 
10000 9915 10000 

10000 10079 10000 
10000 10000 10000 
10000 10000 10000 
10000 9915 10000 

10000 10079 9968 
10000 10000 10000 
10000 10000 10000 
10000 9915 10000 

10000 10000 9968 
10000 10000 10000 
10000 10000 10000 
10000 9915 10000 

10000 10000 9968 
10000 10000 9909 
10000 10000 10000 
10000 9915 10000 

10000 10000 9968 
10000 10000 10000 
10000 10000 10000 
10000 9915 10000 

10000 10000 9968 
10000 10000 10000 
10000 10000 10000 
10000 9915 10000 

10000 10000 10000 
10000 10000 10000 
10000 10000 10000 
10000 9915 10000 

10000 10000 10000 
10000 10000 9981 
10000 10000 10000 
10000 9915 10000 

10000 10006 10000 
10000 10000 10000 
10000 10000 10000 
10000 10000 10000 

9876 9937 10000 
10000 10054 10000 
10000 10000 10000 
10000 10000 10000 

10000 10000 10000 
10000 10000 10000 
10000 10000 10000 
10000 10000 10000 

10000 10000 10000 
10000 10000 10000 
10000 10000 10000 
10000 10000 10000 

10000 10000 10000 
10000 10000 10000 
10000 10000 10000 
10000 10000 10000 

10000 10000 10000 
10000 10000 10000 
10000 10000 10000 
10000 10000 10000 

10000 10000 10000 
10000 10000 10000 
10000 10107 10000 
10000 10000 10000 

10000 10000 10000 
10000 10000 10000 
10000 10107 10000 
10000 10000 10000 

10000 10000 10000 
10000 10000 10000 
10000 10107 10000 
10000 10000 10000 

10000 10000 10000 
10000 10000 10000 
10000 10107 10000 
10074 10000 10000 

10000 10000 10000 
10000 10000 10000 
10000 10107 10000 
10074 10000 10000 

10000 10000 10000 
10000 10000 10000 
10000 10107 10000 
10000 10000 10000 

10000 10000 10000 
10000 10000 10000 
10000 10107 10000 
10000 10000 10000 

10000 10000 9987 
10000 10000 10000 
10000 10107 10000 
10000 10000 10000 

10000 10000 10000 
10000 10000 10000 
10000 10107 10000 
10000 10000 10000 

10000 10000 10000 
10000 10000 10000 
10000 10107 10000 
10000 10000 10000 

10000 10000 10000 
10000 10000 10000 
10000 10107 10000 
10000 10000 10000 

10000 10000 10000 
10000 10000 10000 
10000 10107 10000 
10000 10000 10000 

10000 10000 10000 
10000 10000 10000 
10000 10107 10000 
10000 10000 10000 

10000 10000 10000 
10000 10000 10000 
10000 10000 10000 
10000 10000 10000 

10000 10000 10000 
10000 10000 10000 
10000 10000 10000 
10000 10000 10000 

10000 10000 10000 
10000 10000 10000 
10000 10000 10000 
10000 10000 10000 

10000 10000 10000 
10000 10000 10000 
10000 10000 10000 
10000 10000 10000 

10000 10000 10000 
10000 10000 10000 
10000 10000 10000 
10000 10000 10000 

10000 10000 10000 
10000 10000 10072 
10000 10000 10000 
10000 10000 10000 

10000 10000 10000 
10000 10000 10000 
10000 10000 10000 
10000 10000 10000 

10000 10000 10000 
10000 10000 10000 
10000 10000 10000 
10000 10000 10000 

10000 10000 10000 
10000 10000 10000 
10000 10000 10000 
10000 10000 10000 

10000 10000 10000 
10000 9962 10000 
10000 10000 10000 
10000 10000 10000 

10000 10000 10000 
10000 10000 10000 
10000 10000 10000 
10000 10000 10000 

10000 10000 10000 
10000 10000 10000 
10000 10000 10000 
10000 10000 10000 

10000 10000 10000 
10000 10000 9981 
10000 10000 10000 
10000 10000 10000 

10000 10006 10000 
10000 10000 10000 
10000 10000 10000 
10000 10000 10000 

9876 9937 10000 
10000 10054 10000 
10000 10000 10000 
10000 10000 10000 

10000 10000 10000 
10000 10000 10000 
10000 10000 10000 
10000 10000 10000 

10000 10000 10000 
10000 10000 10000 
10000 9981 10000 
10000 10000 10127 

10041 10000 10000 
10000 10000 10000 
10000 10000 10000 
10000 10000 10000 

10000 10000 10000 
10000 10000 10000 
10000 10000 10000 
10000 10000 10000 

10000 10000 10000 
10000 10000 10000 
10000 10000 10000 
10000 10000 10000 

10000 10000 10000 
10000 10000 10000 
10000 10000 10000 
10000 10000 10000 

10000 10000 10000 
10000 10000 10000 
10000 10000 10000 
10000 10000 10000 

10000 10000 10000 
10000 10000 10000 
10000 10000 10000 
10000 10000 10000 

10000 10000 10000 
10000 10000 10000 
10000 10000 10000 
10000 10000 10000 

10000 10000 10000 
10000 10000 10000 
10000 10000 10000 
10000 10000 10000 

10000 10000 10000 
10000 10000 10000 
10000 10000 10000 
10000 10000 10000 

10000 10000 9987 
10000 10000 10000 
10000 10000 10000 
10000 10000 10000 

10000 10000 10000 
10000 10000 10000 
10000 10000 10000 
10000 10000 10000 

10000 10000 10000 
10000 10000 10000 
10000 10000 10000 
10000 10000 10000 

10000 10000 10000 
10000 10000 10000 
10000 10000 10000 
10000 10000 10000 

10000 10000 10000 
10000 10000 10000 
10000 10000 10000 
10000 10000 10000 

10000 10000 10000 
10000 10000 10000 
10000 10000 10000 
10000 10000 10000 

10000 10000 10000 
10000 10000 10000 
10000 10000 10000 
10000 10000 10000 

10000 10000 10000 
10000 10000 10000 
10000 10000 10000 
10000 10000 10000 

10000 10000 10000 
10000 10000 10000 
10000 10000 10000 
10000 10000 10000 

10000 10000 10000 
10000 10000 10000 
10000 10000 10000 
10000 10000 10000 

10000 10000 10000 
10000 10000 10000 
10000 10000 10000 
10000 10000 10000 

10000 10000 10000 
10000 10000 10000 
10000 10000 10000 
10000 10000 10000 

10000 10000 10000 
10000 10000 10000 
10000 10000 10000 
10000 10000 10000 

10000 10000 10000 
10000 10000 10000 
10000 10000 10000 
10000 10000 10000 

10000 10000 10000 
10000 10000 10000 
10000 10000 10000 
10000 10000 10000 

10000 10000 10000 
10000 9962 10000 
10000 10000 10000 
10000 10000 10000 

10000 10000 10000 
10000 10000 10000 
10000 10000 10000 
10000 10000 10000 

10000 10000 10000 
10000 10000 10000 
10000 10000 10000 
10000 10000 10000 

10000 10000 10000 
10000 10000 9981 
10000 10000 10000 
10000 10000 10000 

10000 10006 10000 
10000 10000 10000 
9965 10000 10000 
10000 10000 10000 

9876 9937 10000 
10000 10068 10000 
9965 10000 10000 
10000 10000 10000 

10000 10000 10107 
10000 10014 10000 
10000 10000 10000 
10001 10000 10000 

10000 10000 10107 
10000 10014 10084 
10000 9981 10000 
10001 10000 10043 

10041 10000 10107 
10000 10014 10084 
10000 10000 10000 
10001 10000 9916 

10000 10000 10107 
10000 10014 10084 
10000 10000 10000 
10001 10000 9916 

10000 10000 10107 
10000 10014 10084 
10000 10000 10000 
10001 10000 9916 

10000 10000 10107 
10000 10000 10084 
10000 10000 10000 
10001 10061 9916 

10000 10000 10000 
10000 10000 10084 
10000 10000 10000 
10000 10061 9916 

10000 10000 10000 
10000 10000 10084 
10000 10000 10000 
10000 10061 9916 

10000 10000 10000 
10000 10000 10084 
10000 10000 10000 
10000 10061 9916 

10000 10000 10000 
10000 10000 10084 
10000 10000 10000 
10000 10061 9916 

10000 10000 10000 
10000 10000 10084 
10000 10000 10000 
10000 10061 9916 

10000 10000 9987 
10000 10000 10084 
10000 10000 10000 
10000 10061 9916 

10000 9884 10000 
10000 10000 10084 
10000 10000 10000 
10000 10000 9916 

10000 10000 10000 
10000 10000 10084 
10000 10000 10000 
10000 10000 9916 

10000 10000 10000 
10000 10000 10084 
10000 10000 10000 
10000 10000 9916 

10000 10000 10000 
10000 10000 10000 
10000 10000 10000 
10000 10000 10000 

10000 10000 10000 
10000 10000 10000 
10000 10000 10000 
10000 10000 10000 

10000 10000 10000 
10000 10000 10000 
10000 10000 10000 
10000 10000 10000 

10000 10000 10000 
10000 10000 10000 
10000 10000 10000 
10000 10000 10000 

10000 10000 10000 
10000 10000 10000 
10000 10000 10000 
10000 10000 10000 

10000 10000 10000 
10000 10000 10000 
10000 10000 10000 
10000 10000 10000 

10000 10000 10000 
10000 10000 10000 
10000 10000 10000 
10000 10000 10000 

10000 10000 10000 
10000 10000 10000 
10000 10000 10000 
10000 10000 10000 

10000 10000 10000 
10000 10000 10000 
10000 10000 10000 
10000 10000 10000 

10000 10000 10000 
10000 10000 10000 
10000 10024 10000 
10000 10000 10000 

10000 10000 10000 
10000 10000 10000 
10000 10000 10000 
10000 10000 10000 

10000 10000 10000 
10000 9962 10000 
10000 10000 10000 
10000 10000 10000 

10000 10000 10000 
10000 10000 10000 
10000 10000 10000 
10000 10000 10000 

10000 10000 10000 
10000 10000 10000 
10000 10000 10000 
10000 10000 10000 

10000 10000 10000 
10000 10000 9981 
10000 10000 10000 
10000 10027 10000 

10000 10006 10000 
10000 9971 10000 
10000 10000 10000 
10000 10000 10000 

9876 10000 10000 
10000 10054 10000 
10000 10000 10000 
10000 10000 10000 

10000 10000 10000 
10000 10000 10000 
10000 10000 10000 
10000 10000 10000 

10000 10000 10000 
10000 10000 10000 
10000 9981 10000 
9896 10095 10000 

10041 10000 10000 
10000 10000 10000 
10000 10000 10000 
9896 10095 10000 

10000 10000 10000 
10000 10000 10000 
10000 10000 10000 
9896 10095 10000 

10000 10000 10000 
10000 10000 10000 
10000 10026 10000 
9896 10095 10000 

10000 10000 10000 
10000 10000 10000 
10000 10000 10000 
9896 10000 10000 

10000 10000 10000 
10000 10000 10000 
10000 10000 10000 
9896 10000 10000 

10000 10000 10000 
10000 10000 10000 
10000 10000 10000 
9896 10000 10000 

10000 10000 10000 
10000 10000 10000 
10000 10000 10000 
9896 10000 10000 

10000 10000 10000 
10000 10000 10000 
10000 10000 10000 
9896 10000 10000 

10000 10000 10000 
10000 10000 10000 
10000 10000 10000 
9896 10000 10000 

10000 10000 9987 
10000 10000 10000 
10043 10000 10000 
9896 10000 10000 

10000 10000 10000 
10000 10000 10000 
10043 10000 10000 
9896 10000 10000 

10000 10000 10000 
10000 10000 10000 
10043 10000 10000 
9896 10000 10000 

10000 10000 10000 
10000 10000 10000 
10043 10000 10000 
9896 10000 9927 

10000 10000 10000 
10000 10000 10000 
10043 10000 10000 
9896 10000 9927 

10000 10000 10000 
10000 10000 10000 
10043 10000 10000 
9896 10000 9927 

10000 10000 10000 
10000 10000 10000 
10043 10000 10000 
9896 10000 9927 

10000 10000 10000 
10000 10000 10000 
10043 10000 10000 
9896 10000 10000 

10000 10000 10000 
10000 10000 10000 
10043 10000 10000 
9896 10000 10000 

10000 10000 10000 
10000 10000 10000 
10043 10000 10000 
10000 10000 10000 

10000 10000 10000 
10000 10000 10000 
10043 10000 10000 
10000 10000 10000 

10000 10000 10000 
10000 10000 10000 
10043 10000 10000 
10000 10000 10000 

10000 10000 10000 
10000 10000 10000 
10043 10000 10000 
10000 10000 10000 

10000 10000 10000 
10000 10000 10000 
10043 10024 10000 
10000 10000 10000 

10000 10000 10000 
10000 10000 10000 
10000 10000 10000 
10000 10000 10000 

10000 10000 10000 
10000 9962 10000 
10000 10000 10000 
10000 10000 10000 

10000 10000 10000 
10000 10000 10000 
10000 10000 10000 
10000 10000 10000 

10000 10000 10000 
10000 10000 10000 
10000 10000 10000 
10000 10000 10000 

10000 10000 10000 
10000 10000 9981 
10000 10000 10000 
10000 10027 10000 

10000 10006 10000 
10093 9971 10000 
10000 10000 10000 
10186 10000 10000 

9876 10000 10000 
10093 10054 10000 
10000 10000 10000 
10186 10000 10000 

10000 10000 10000 
10093 10000 10000 
10000 9994 10000 
10186 10000 10000 

10000 10000 10000 
10093 10000 10000 
10000 9994 10000 
10186 10000 10000 

10041 10000 10000 
10093 10000 10000 
10000 9994 10000 
10186 10000 10000 

10000 10000 10000 
10093 10000 10000 
10000 9994 10000 
10186 10000 10000 

10000 10079 10000 
10093 10000 10000 
10000 10020 10000 
10186 10000 10000 

10000 10079 10000 
10093 10000 10000 
10000 9994 10000 
10186 10000 10000 

10000 10079 10000 
10093 10000 10000 
10000 9994 10000 
10186 10000 10000 

10000 10000 10000 
10093 10000 10000 
10000 9994 10000 
10186 10000 9962 

10000 10000 10000 
10093 10000 10000 
10000 9994 10000 
10186 10000 9962 

10000 10000 10000 
10093 10000 10000 
10000 9994 10000 
10186 10000 10000 

10000 10000 10000 
10093 10000 10037 
10000 9994 10000 
10186 10000 10000 

10000 10000 9987 
10093 10000 10037 
10000 9994 10000 
10186 10000 10000 

10000 10000 10000 
10093 10000 10037 
10000 9994 10000 
10186 10000 10000 

10000 10000 10000 
10093 10000 10037 
10000 9994 10000 
10186 10000 10000 

10000 10000 10000 
10093 10000 10037 
10000 9994 10000 
10186 10000 10000 

10000 10000 10000 
10093 10000 10037 
10000 9994 10000 
10186 10000 10000 

10000 10000 10000 
10093 10000 10037 
10000 9994 10000 
10186 10000 10000 

10000 10000 10000 
10093 10000 10037 
10000 9994 10000 
10186 10000 10000 

10000 10000 10000 
10093 10000 10037 
10000 9994 10000 
10186 10000 10000 

10000 10000 10000 
10000 10000 10037 
10000 9994 10000 
10000 10000 10000 

10000 10000 10000 
10000 10000 10037 
10000 10000 10000 
10000 10000 10000 

10000 10000 10000 
10000 10000 10000 
10000 10000 10000 
10000 10000 10000 

10000 10000 10000 
10000 10000 10000 
10000 10000 10000 
10000 10000 10000 

10000 10000 10000 
10000 10000 10000 
10000 10000 10000 
10000 10000 10000 

10000 10000 10000 
10000 10000 10000 
10000 10024 10000 
10000 10000 10000 

10000 10000 10000 
10000 10000 10000 
10000 10000 10000 
10000 10000 10000 

10000 10000 10000 
10000 9962 10000 
10000 10000 10000 
10000 10000 10000 

10000 10000 10000 
10000 10000 10000 
10000 10000 10000 
10000 10000 10000 

10000 10000 10000 
10000 10000 10000 
10000 10000 10000 
10000 10000 10000 

10000 10000 10000 
10000 10000 9981 
10000 10000 10000 
10000 10027 10000 

10000 10006 10000 
10000 9971 10000 
10000 10000 10000 
10000 10000 10000 

9876 10000 10000 
10000 10054 10000 
10000 10000 10000 
10000 10000 10000 

10000 10000 10000 
10000 10000 10000 
10000 10000 10000 
10000 10000 10000 

10000 10000 10000 
10000 10000 10000 
10000 10000 10000 
10000 10000 10000 

10041 10000 10000 
10000 10000 10000 
10000 10000 10000 
10000 10000 10000 

10000 10000 10000 
10000 10000 10000 
10000 10000 10000 
10000 10000 10000 

10000 10000 10000 
10000 10000 10000 
10000 10026 10000 
10000 10000 10000 

10000 10000 10000 
10000 10000 10000 
10000 10000 10000 
10000 10000 10000 

10000 10000 10000 
10000 10000 10000 
10000 10000 10000 
10000 10000 10000 

10000 10000 10000 
10000 10000 10000 
10000 10000 10000 
10000 10000 10000 

10000 10000 10000 
10000 10000 10000 
10000 10000 10000 
10000 10000 10000 

10000 10000 10000 
10000 10000 10000 
10000 10000 10000 
10000 10000 10000 

10000 10000 10000 
10000 10000 10000 
10000 10000 10000 
10000 10000 10000 

10000 10000 9987 
10000 10000 10000 
10000 10000 10000 
10000 10000 10000 

9932 9988 10000 
10000 10000 10000 
9864 10000 10000 
10000 10000 10000 

9932 10000 10000 
10000 10000 10000 
9864 10000 10000 
10000 10000 10000 

9932 10000 10000 
10000 10000 10000 
9864 10000 10000 
10000 10000 10000 

9932 10000 10000 
10000 10000 10000 
9864 10000 10000 
10000 10000 10000 

9932 10000 10000 
9989 10000 10000 
9864 10000 10000 
10000 10000 10000 

9932 10000 10000 
10000 10000 10000 
9864 10000 10000 
10000 10000 10000 

9932 10000 10000 
10000 10000 10000 
9864 10000 10000 
10000 10000 10000 

9932 10000 10000 
10000 10000 10000 
9864 10000 10000 
10000 10000 10000 

9932 10000 10000 
10000 10000 10000 
9864 10000 10000 
10000 10000 10000 

9932 10000 10000 
10000 10000 10000 
9864 10000 10000 
10000 10000 10000 

9932 10000 10000 
10000 10000 10000 
9864 10000 10000 
10000 10000 10000 

9932 10000 10000 
10000 10000 10000 
9864 10000 10000 
10000 10000 10000 

9932 10000 10000 
10000 10000 10000 
9864 10024 10000 
10000 10000 10000 

9932 10000 10000 
10000 10000 10000 
9864 10000 10000 
10000 10000 10000 

9932 10000 10000 
10000 9962 10000 
9864 10000 10000 
10000 10000 10000 

10000 10000 10000 
10000 10000 10000 
10000 10000 10000 
10000 10000 10000 

10000 10000 10000 
10000 10000 10000 
10000 10000 10000 
10000 10000 10000 

10000 10000 10000 
10000 10000 9981 
10000 10000 10000 
10000 10027 10000 

10000 10006 10000 
10000 10000 10000 
10110 10000 10000 
10000 10000 10000 

9876 10000 10000 
10000 10054 10000 
10000 10000 10000 
10000 10000 10000 

10000 10000 10000 
10000 10000 10000 
10000 10000 10000 
10000 10000 10000 

10000 10000 10000 
10000 10000 10000 
10000 10000 10000 
10000 10000 10000 

10041 10000 10000 
10000 10000 10000 
10000 10000 10000 
10000 10000 10000 

10000 10000 10000 
10000 10000 10000 
10000 10000 10000 
10000 10000 10000 

10000 10026 10000 
10000 10000 10000 
9884 9998 10000 
10000 10000 10000 

10000 10000 10000 
10000 10000 10000 
9884 9972 10000 
10000 10000 10000 

10000 10000 10000 
10000 10000 10000 
9884 9972 10000 
10000 10000 10000 

10000 10000 10000 
10000 10000 10000 
9884 9972 10000 
10000 10000 10000 

10000 10000 10000 
10000 10000 10000 
9884 9972 10000 
10000 10000 10000 

10000 10000 10000 
10000 10000 10000 
9884 9972 10000 
10000 10000 10000 

10000 10000 10000 
10000 10000 10000 
10000 9972 10000 
10000 10000 10000 

10000 10000 9987 
10000 10000 10000 
10000 9972 10000 
10000 10000 10000 

10000 10000 10000 
10000 10000 10000 
10000 9972 10000 
10000 10000 10000 

10000 10000 10000 
10000 10000 10000 
10000 9972 10000 
10000 10000 10000 

10000 10000 10000 
10000 10000 10000 
10000 9972 10000 
10000 10000 10000 

10000 10000 10000 
10000 10000 10000 
10000 10000 10000 
10000 10000 10000 

10000 10000 10000 
10129 10000 10000 
10000 10000 10000 
9930 10000 10000 

10000 10000 10000 
10000 10000 10000 
10000 10000 10000 
10000 10000 10000 

10000 10000 10000 
10000 10062 10000 
10000 10000 10000 
10000 10000 10000 

10000 10000 10000 
10000 10062 10000 
10000 10000 10000 
10000 10000 10000 

10000 10000 10000 
10000 10062 10000 
10000 10000 10000 
10000 10000 10000 

10000 10000 10000 
10000 10062 10000 
10000 10000 10000 
10000 10000 10000 

10000 10000 10000 
10000 10062 10000 
10000 10000 10000 
10000 10000 10000 

10000 10000 10000 
10000 10000 10000 
10000 10000 10000 
10000 10000 10000 

10000 10000 10000 
10000 10000 10000 
10000 10024 10000 
10000 10000 10000 

10000 10000 10000 
10000 10000 10000 
10000 10000 10000 
10000 10000 9930 

10000 10000 10000 
10000 9962 10000 
10000 10000 10000 
10000 10000 10000 

10000 10000 10000 
10000 10000 10000 
10000 10000 10000 
10000 10000 10000 

10000 10000 10000 
10000 10000 10000 
10000 10000 10000 
10000 10000 10000 

10000 10000 10000 
10000 10000 9981 
10000 10000 10000 
10000 10027 10000 

10000 10006 10000 
10000 10000 10000 
10110 10000 10000 
10000 10000 10000 

9876 10000 10000 
10000 10054 10000 
10000 10000 10000 
10000 10000 10000 

10000 10000 10000 
10000 10000 10000 
10000 10000 10000 
10000 10000 10000 

10000 10000 10000 
10000 10000 10000 
10000 10000 10000 
10000 10000 10000 

10041 10000 10000 
10000 10000 10000 
10000 10000 10000 
10000 10000 10000 

10000 10000 10000 
10000 10000 10000 
10000 10000 10000 
10000 10000 10000 

10000 10000 10000 
10000 10000 10000 
10000 10000 10000 
10000 10000 9962 

10000 10000 10000 
10000 10000 10000 
10000 10000 10000 
10000 10000 9962 

10000 10000 10000 
10000 10000 10000 
10000 10000 10000 
10000 10000 9962 

10000 10000 10000 
10000 10000 10000 
10000 10000 10000 
10000 10000 9962 

10000 10000 10000 
10000 10000 10000 
10000 10000 10000 
10000 10000 9962 

10000 10000 10000 
10000 10000 10000 
10000 9987 10000 
10000 10000 9962 

10000 10000 10000 
10000 10000 10000 
10000 9987 10000 
10000 10000 9962 

10000 10000 9987 
10000 10000 10000 
10000 9987 10000 
10000 10000 9962 

10000 9988 10000 
10000 10000 10000 
10000 10000 10000 
10000 10000 9962 

10000 10000 10000 
10000 9998 10000 
10000 10000 10000 
10000 10002 9962 

10000 10000 10000 
10000 10000 10000 
10000 10000 10000 
10000 10000 9962 

10000 10000 10000 
10000 10000 10000 
10000 10000 10000 
10000 10000 9962 

10000 10000 10000 
10129 10000 10000 
10000 10000 10000 
9930 10000 9962 

10000 10000 10000 
10000 10000 10000 
10000 10000 10000 
10000 10000 9962 

10000 10000 10000 
10000 10000 10000 
10000 10000 10000 
10000 10000 9962 

10000 10000 10000 
10000 10000 10000 
10000 10000 10000 
10000 10000 9962 

10000 10000 10000 
10000 10000 10000 
10000 10000 10000 
10000 10000 10000 

10000 10000 10000 
10000 10000 10000 
10000 10000 10000 
10000 10000 10000 

10000 10000 10000 
10000 10000 10020 
10000 10000 10000 
10000 10000 10000 

10000 10000 10000 
10000 10000 10000 
10000 10000 10000 
10000 10000 10000 

10000 10000 10000 
10000 10000 10000 
10000 10024 10000 
10000 10000 10000 

10000 10000 10000 
10000 10000 10000 
10000 10000 10000 
10000 10000 10000 

10000 10000 10000 
10000 9962 10000 
10000 10000 10000 
10000 10000 10000 

10000 10000 10000 
10000 10000 10000 
10000 10053 10000 
10000 10000 10000 

10000 10000 10000 
10000 10000 10000 
10000 10000 10000 
10000 10000 10000 

10000 10000 10000 
10000 10000 9981 
10000 10000 10000 
10000 10000 10000 

10000 10006 10000 
10000 10014 10000 
10110 10000 10000 
10000 10000 10000 

9876 10000 10000 
10000 10054 10000 
10000 10000 10000 
10000 10000 10000 

10000 10000 10000 
10000 10000 10000 
10000 10000 10000 
10000 10000 10000 

10000 10000 10000 
10000 10000 10000 
10000 10000 10000 
10000 10000 10000 

10041 10000 10000 
10000 10000 10000 
10000 10000 10000 
10000 10000 10000 

10000 10000 10000 
10000 10000 10000 
10000 10000 10000 
10000 10000 10000 

10000 10000 10000 
10000 10000 10000 
10000 10000 10000 
10000 10000 10000 

10000 10000 10000 
10000 10000 10000 
10000 10000 10000 
10000 10000 10000 

10000 10000 10000 
10000 10000 10000 
10000 10000 10000 
10000 10000 10000 

10000 10000 10000 
10000 10000 10000 
10000 10000 10000 
10000 10000 10000 

10000 10000 10000 
10000 10000 10000 
10000 10000 10000 
10000 10000 10000 

10000 9960 10000 
10000 10000 10000 
10000 10000 10000 
10000 10000 10000 

10000 10000 10000 
10000 10000 10000 
10000 10000 10000 
10000 10000 10000 

10000 10000 9987 
10000 10000 10000 
10000 10000 10000 
10000 10000 10000 

10000 9988 10000 
10000 10000 10000 
10000 10000 10000 
10000 10000 10000 

10000 10000 10000 
10000 9998 10000 
10000 10000 10000 
10000 10002 10000 

10000 10000 10000 
10000 10000 10000 
10000 10000 10000 
10000 10000 10000 

10000 10000 10000 
10000 10000 10000 
10000 10000 10000 
10000 10000 10000 

10000 10000 10000 
10272 10000 10000 
10000 10000 10000 
9930 10000 10000 

10000 10000 10000 
10114 10000 10000 
10000 10000 10000 
10000 10000 10000 

10000 10000 10000 
10000 10000 10000 
10000 10000 10000 
10000 10000 10000 

10000 10000 10000 
10000 10000 10000 
10000 10000 10000 
10000 10000 10000 

10000 10000 10000 
10000 10000 10000 
10000 10000 10000 
10000 10000 10000 

10000 10000 10000 
9929 10000 10000 
10000 10000 10000 
10071 10000 10000 

10000 10000 10000 
10000 10000 10020 
10000 10000 10000 
10000 10000 10000 

10000 10000 10000 
10000 10000 10000 
10000 9996 10000 
10000 10000 10000 

10000 10000 10000 
10000 10000 10000 
10000 10024 10000 
10000 10000 10000 

10000 10000 10126 
10000 10000 10000 
10000 10000 10000 
10000 10000 10000 

10000 10000 10126 
10000 9962 10000 
10000 10000 10000 
10000 10000 10000 

10000 10000 10126 
10000 10000 10000 
10000 10053 10000 
10000 10000 10000 

10000 10000 10000 
10000 10000 10000 
10000 10000 10000 
10000 10000 10000 

10000 10000 10000 
10000 10000 9981 
10000 10000 10000 
10000 10000 10000 

10000 10006 10000 
10000 10014 10000 
10110 10000 10000 
10000 10000 10000 

9876 10000 10000 
10000 10054 10000 
10000 10000 10000 
10000 10000 10000 

10000 10000 10000 
10000 10000 10000 
10000 10000 10000 
10000 10000 10000 

10000 10000 10000 
10000 10000 10000 
10000 10000 10000 
10000 10000 10000 

10041 10000 10000 
10000 10000 10000 
10000 10000 10000 
10000 10000 10000 

10000 10000 10000 
10000 10000 10000 
10000 9980 10000 
10000 10000 10000 

10000 10000 10000 
10000 10000 10000 
10000 9980 10000 
10000 10000 10000 

10000 10000 10000 
10000 10000 10000 
10000 9980 10000 
10000 10000 10000 

10000 10000 10000 
10000 10000 10000 
10000 9980 10000 
10000 10000 10000 

10000 10000 10000 
10000 10000 10000 
10000 9980 10000 
9890 10000 10000 

10000 10000 10000 
10000 10000 10000 
10000 9980 10000 
10000 10000 10000 

10000 9960 10000 
10000 10000 10000 
10000 9980 10000 
10000 10000 10000 

10000 10000 10000 
10000 10000 10000 
10000 9980 10000 
10000 10000 10000 

10000 10000 9987 
10000 10000 10000 
10000 9980 10000 
10000 10000 10000 

10000 10000 10000 
10000 10000 10000 
10000 9980 10000 
10000 10000 10000 

10000 10000 10000 
10000 9998 10000 
10000 9980 10000 
10000 10002 10000 

10000 10000 10000 
10000 10000 10000 
10000 9980 10000 
10000 10000 10000 

10000 10000 10000 
10000 10000 10000 
10000 9980 10045 
10000 10000 10000 

10000 10000 10000 
10158 10000 10000 
10000 9980 10045 
9930 10000 10000 

10000 10000 10000 
10000 10000 10000 
10000 9980 10045 
10000 10000 10000 

10000 10076 10000 
10000 10000 10000 
10000 9980 10045 
10000 10000 10000 

10000 10000 10000 
10000 10000 10000 
10000 9980 10045 
10000 10000 10000 

10000 10000 10000 
10000 10000 10000 
10000 9980 10045 
10000 10000 10000 

10000 10000 10000 
9929 10000 10000 
10000 9980 10045 
10071 10000 10000 

10000 10000 10000 
10000 10000 10000 
10000 9980 10045 
10000 10000 10000 

10000 10000 10000 
10000 10000 10000 
10000 9980 10045 
10000 10000 10000 

10000 10000 10000 
10000 10000 10000 
10000 10004 10045 
10000 10000 10000 

10000 10000 10000 
10000 10000 10000 
10000 9980 10045 
10000 10000 10000 

10000 10000 10000 
10000 10000 10000 
10000 9980 10000 
10000 10000 10000 

10000 10000 10000 
10000 10000 10000 
10000 10000 10000 
10000 10000 10000 

10000 10000 10000 
10000 10000 10000 
10000 10000 10000 
10000 10000 10000 

10016 10000 10000 
10000 10000 9981 
10000 10000 10000 
10000 10000 10000 

10000 10006 9961 
10000 10014 10000 
10110 10000 10000 
10000 10000 10000 

9876 10000 10000 
10000 10054 10000 
10000 10000 10000 
10000 10000 10000 

10000 10000 10000 
10000 10000 10000 
10000 9876 10000 
10000 10000 10000 

10000 10000 10000 
10000 10000 10000 
10000 10000 10000 
10000 10000 10000 

10041 10000 10000 
10000 10000 10000 
10000 10000 10000 
10000 10000 10000 

10000 10000 10000 
10000 10000 9896 
10000 10000 10000 
10000 10000 9792 

10000 10000 10000 
10000 10000 9896 
10000 10000 10000 
10000 10013 9792 

10000 10000 10000 
10000 10000 10000 
10000 10000 10000 
10000 10013 10000 

10000 10000 10000 
10000 10000 10000 
10000 10000 10000 
10000 10013 10000 

10000 10000 10000 
10000 10000 10000 
10000 10000 10000 
9890 10013 10000 

10000 10000 10000 
10000 10000 10000 
10000 10000 10000 
10000 10013 10000 

10000 9960 10000 
10000 10000 10000 
10000 10000 10000 
10000 10013 10000 

10000 10000 10000 
10000 10000 10000 
10000 10000 10000 
10000 10013 10000 

10000 10000 9987 
10000 10000 10000 
10000 10000 10000 
10000 10013 10000 

10000 10000 10000 
10000 10000 10000 
10000 10000 10000 
10000 10013 10000 

10000 10000 10000 
10000 9998 10000 
10000 10000 10000 
10000 10015 10000 

10000 10000 10000 
10000 10000 10000 
10000 10000 10000 
10000 10013 10000 

10000 10000 10000 
10000 10000 10000 
10000 10000 10000 
10000 10013 10000 

10000 10000 10000 
10018 10000 10000 
10000 10000 10000 
10000 10013 10000 

10000 10000 10000 
10000 10000 10000 
10000 10000 10000 
10000 10013 10000 

10000 10076 10000 
10000 10000 10000 
10000 10000 9963 
10000 10013 10000 

10000 10000 10000 
10000 10000 10000 
10000 10000 9963 
10000 10013 10000 

10000 10000 10000 
10000 10000 10000 
10000 10000 9963 
10000 10013 10000 

10000 10000 10000 
9929 9897 10000 
10000 10000 9963 
10071 9910 10000 

10000 10000 10000 
10000 9897 10000 
10000 10000 10000 
10000 9910 10000 

10000 10000 10000 
10000 10000 10000 
10000 10000 10000 
10000 10013 10000 

10000 10000 10000 
10000 10000 10000 
10000 10024 10000 
10000 10000 10000 

10000 10000 10000 
10000 10000 10000 
10000 10000 10000 
10000 10000 10000 

10000 10000 10000 
10000 10000 10000 
10000 10000 10000 
10000 10000 10000 

10000 10000 10000 
10000 10000 10000 
10000 10000 10000 
10000 10000 10000 

10000 10000 10000 
10000 10000 10000 
10000 10000 10000 
10000 10000 10000 

10016 10000 10000 
10000 10000 9981 
10000 10000 10000 
10000 10000 10000 

10000 10006 9961 
10000 10014 10000 
10110 10000 10000 
10000 10000 10000 

9876 10000 10000 
10000 10054 10000 
10000 10000 10000 
10000 10000 10000 

10000 9986 10000 
10000 10000 10000 
10000 10014 10000 
10000 10000 10000 

10000 9986 10000 
10000 10000 10000 
10000 10014 10000 
10000 10000 10000 

10041 9986 10000 
10000 10075 10000 
10000 10014 10000 
10000 10000 10000 

10000 9986 10000 
10000 10000 10000 
10000 10014 10000 
10000 10000 10000 

10000 9986 10000 
10000 10000 10000 
10000 10014 10000 
10000 10000 10000 

10000 9986 10000 
10000 10000 10000 
10000 10014 10000 
10000 10000 10000 

10000 9986 10000 
10000 10000 10000 
10000 10014 10000 
10000 10000 10000 

10000 9986 10000 
10000 10000 10000 
10000 10014 10000 
9890 10000 10000 

10000 9986 10000 
10000 10000 10000 
10000 10014 10000 
10000 10000 10000 

10000 9986 10000 
10000 10000 10000 
10000 10014 10000 
10000 10000 10000 

10000 9986 10000 
10000 10000 10000 
10000 10014 10000 
10000 10000 10000 

10000 9986 9987 
9928 10000 10000 
10000 10014 10000 
10072 10000 10000 

10000 9986 10000 
9928 10000 10000 
10000 10014 10000 
10072 10000 10000 

10000 9986 10000 
9928 9998 10000 
10000 10014 10000 
10072 10002 10000 

10000 9986 10000 
9928 10000 10000 
10000 10014 10000 
10072 10000 10000 

10000 9986 10000 
9928 10000 10000 
10000 10014 10000 
10072 10000 10000 

10000 9986 10000 
9917 10000 10000 
10000 10014 10000 
10072 10000 10000 

10000 9986 10000 
9928 10000 10000 
10000 10014 10000 
10072 10000 10000 

10000 10062 10000 
9928 10000 10000 
10000 10014 10000 
10072 10000 10000 

10000 9986 10000 
9928 10000 10000 
10000 10014 10000 
10072 10000 10000 

10000 9986 10000 
9928 10000 10000 
10000 10014 10000 
10072 10000 10000 

10000 9986 10000 
9857 10000 10000 
10000 10014 10000 
10143 10000 10000 

10000 9986 10000 
9928 10000 10000 
10000 10014 10000 
10072 10042 10000 

10000 9986 10000 
9928 10000 10000 
10000 10014 10000 
10072 10000 10000 

10000 9986 10000 
9928 10000 10000 
10093 10014 10000 
10072 10000 10000 

10000 9986 10000 
9928 10000 10000 
10093 10014 10000 
10072 10000 10000 

10000 10000 10000 
9928 10000 10000 
10000 10000 10000 
10072 10000 10000 

10000 9976 10000 
9928 10000 10000 
10000 10000 10000 
10072 10036 10000 

10000 10000 10000 
10000 10000 10000 
10000 10000 10000 
10000 10036 10000 

10016 10000 10000 
10000 10000 9981 
10000 10000 10000 
10000 10000 10000 

10000 10006 10000 
10000 10014 10000 
10110 10000 10000 
10000 10000 10000 

9876 10000 10000 
10000 10054 10000 
10000 10000 10000 
10000 10000 10000 

10000 10000 10000 
10000 10000 10000 
10000 10000 10000 
10000 10000 10000 

10000 10000 10000 
10000 10000 10000 
10000 10000 10000 
10000 10000 10098 

10000 10000 10000 
10000 10075 10000 
10000 10000 10000 
10000 10000 10098 

10000 10000 10000 
10000 10000 10000 
10000 10000 10000 
10000 10000 10098 

10000 10000 10000 
10000 10000 10000 
10000 10000 10000 
10000 10000 10098 

10000 10000 10000 
10000 10000 10000 
10000 10000 10000 
10000 10000 10098 

10000 10000 10000 
10000 10000 10000 
10000 10000 10000 
10000 10000 10098 

10000 10000 10000 
10000 10000 10000 
10000 10000 10000 
9890 10000 10098 

10000 10000 10000 
10000 10000 10000 
10000 10000 10000 
10000 10000 10098 

10000 10000 10000 
10000 10000 10000 
10000 10000 10000 
10000 10000 10098 

10000 10000 10000 
10000 10000 10000 
10000 10000 10000 
10000 10000 10098 

10000 10000 10000 
10000 10000 10000 
10000 10000 10000 
10000 10000 10098 

10000 10000 10000 
10000 10000 10000 
10000 10000 10000 
10000 10000 10098 

10000 10000 10000 
10000 9998 10000 
10000 10000 10000 
10000 10002 10098 

10000 10000 10000 
10000 10000 10000 
10000 10000 10000 
10000 10000 10098 

10000 10000 10000 
10000 10000 10000 
10000 10000 10000 
10000 10000 10098 

10000 10000 10000 
9989 10000 10000 
10000 10000 10000 
10000 10000 10098 

10000 10000 10000 
10000 10000 10000 
10000 10000 10000 
10000 10000 10098 

10000 10076 10000 
10000 10000 10000 
10000 10000 10000 
10000 10000 10098 

10000 10000 10000 
10000 10000 10000 
10000 10000 10000 
10000 10000 10098 

10000 10000 10000 
10000 10000 10000 
10000 10000 10000 
10000 10000 10098 

10000 10000 10000 
9929 10000 10000 
10000 10000 10000 
10071 10000 10000 

10000 10000 10000 
10000 10000 10000 
10000 10000 10000 
10000 10042 10000 

10000 10000 10000 
10000 10000 10000 
10000 10000 10000 
10000 10000 10000 

10000 10000 10000 
10000 10000 10000 
10000 10000 10000 
10000 10000 10000 

10000 10000 10000 
10000 10000 10000 
10000 10000 10000 
10000 10000 10000 

10000 10000 10000 
10000 10000 10000 
10000 10000 10000 
10000 10000 10000 

10000 9976 10000 
10000 10000 10000 
10000 10000 10000 
10000 10000 10000 

10000 10000 10000 
10000 10000 10000 
10000 10000 10000 
10000 10000 10000 

10016 10000 10000 
10000 10000 9981 
10000 10000 10000 
10000 10000 10000 

10000 10006 10000 
10000 10014 10000 
10110 10000 10000 
10000 10000 10000 

9876 10000 10000 
10000 10054 10000 
10000 10000 10000 
10000 10000 10000 

10000 10000 10033 
10000 10000 10000 
10000 10000 10000 
10000 10000 10000 

10000 10000 10000 
10000 10000 10000 
10000 10000 10000 
10000 10000 10000 

10000 10000 10000 
10000 10075 10000 
10000 10000 10000 
10000 10000 10000 

10000 10000 10000 
10000 10000 10000 
10000 10000 10000 
10000 10000 10000 

10000 10000 10000 
10000 10000 10000 
10000 10000 10000 
10000 10000 10069 

10000 10000 10000 
10000 10000 10000 
10000 10000 10000 
10000 10000 10000 

10000 10000 10000 
10000 10000 10000 
10000 10000 10000 
10000 10000 10000 

10000 10000 10000 
9902 10000 10000 
10000 10000 10000 
9914 10085 10000 

10000 10000 10000 
10012 10000 10000 
10000 10000 10000 
10024 10000 10000 

10000 10000 10000 
10012 10000 10000 
10000 10000 10000 
10024 10000 10000 

10000 10000 10000 
10012 10000 10000 
10000 10000 10000 
10024 10000 10000 

10000 10000 10000 
10012 10000 10000 
10000 10000 10000 
10024 10000 10000 

10000 10000 10000 
10012 10000 10000 
10000 10000 10000 
10024 10000 10000 

10000 10000 10000 
10012 10000 10000 
10000 10000 10000 
10024 10000 10000 

10000 10000 10000 
10012 10000 10000 
10000 10000 10000 
10024 10000 10000 

10000 10000 10000 
10012 10000 10000 
10000 10000 10000 
10024 10000 10000 

10000 10000 10000 
10012 10000 10000 
10000 10000 10000 
10024 10000 10000 

10000 10000 10000 
10012 10000 10000 
10000 10000 10000 
10024 10000 10000 

10000 10076 10000 
10012 10000 10000 
10000 10000 10000 
10024 10000 10000 

10000 10000 10000 
10012 10000 10000 
10000 10000 10000 
10024 10000 10000 

10000 10000 10000 
10012 10122 10000 
10000 10000 10000 
10024 9878 10000 

10000 10000 10000 
10083 10000 10000 
10000 10000 10000 
10095 10000 10000 

10000 10000 10000 
10012 10000 10000 
10000 10000 10000 
10024 10042 10000 

10000 10000 10000 
10012 10000 10000 
10000 10000 10000 
10024 10000 10000 

10000 10000 10000 
10012 10000 10000 
10000 10000 10000 
10024 10000 10000 

10000 10000 10000 
10000 10000 10000 
10000 10000 10000 
10000 10000 10000 

10000 10000 10000 
10000 10000 10000 
10000 10000 10000 
10000 10000 10000 

10000 9976 10000 
10000 10000 10000 
10000 10000 10000 
10000 10000 10000 

10000 10000 10000 
10000 10000 10000 
10000 10000 10000 
10000 10000 10000 

10016 9932 10000 
10000 10000 10000 
10000 10000 10000 
10000 10000 10000 

10000 10006 10000 
10000 10014 10000 
10110 10000 10000 
10000 10000 10000 

9876 10000 10000 
10000 10054 10000 
10000 10000 10000 
10000 10000 10000 

10000 10000 10033 
10000 10000 10000 
10000 10000 10000 
10000 10000 10000 

9920 10000 10000 
10000 10000 10000 
9840 10000 10000 
10000 10000 10000 

9920 10000 10000 
10000 10075 10000 
9840 10000 10000 
10000 10000 10000 

9920 10000 10000 
10000 10000 10000 
9840 10000 10000 
10000 10000 10000 

9920 10000 10000 
10000 10000 10000 
9840 10000 10000 
10000 10000 10000 

9920 10000 10000 
10000 10000 10000 
9840 10000 10000 
10000 10000 10000 

9920 10000 10000 
10000 10000 10000 
9840 10000 10000 
10000 10000 10000 

9920 10000 10000 
10000 10000 10000 
9840 10000 10000 
9890 10085 10000 

9920 10000 10000 
10000 10000 10000 
9840 10000 10000 
10000 10000 10000 

9920 10000 10000 
10000 10000 10000 
9840 10000 10000 
10000 10000 10000 

9920 10000 10000 
10000 10000 10000 
9840 10000 10000 
10000 10000 10000 

9920 10000 10000 
10000 10000 10000 
9840 10000 10000 
10000 10000 10000 

9920 9929 10000 
10000 10000 10000 
9840 10071 10000 
10000 10000 10000 

9920 9929 10000 
10000 10000 10000 
9840 10071 10000 
10000 10000 10000 

9920 9929 10000 
10000 10000 10000 
9840 10071 10000 
10000 10000 10000 

9920 9929 10000 
10000 10000 10000 
9840 10071 10000 
10000 10000 10000 

9920 9929 10000 
9989 10000 10000 
9840 10071 10000 
10000 10000 10000 

9920 9929 10000 
10000 10000 10000 
9840 10071 10000 
10000 10000 10000 

9920 10005 10000 
10000 10000 10000 
9840 10071 10000 
10000 10000 10000 

9920 9929 10000 
10000 10000 10000 
9840 10071 10000 
10000 10000 10000 

9920 10000 10000 
10000 10122 10000 
9840 10000 10000 
10000 9878 10000 

9920 10000 10000 
9929 10000 10000 
9840 10000 10000 
10071 10000 10000 

9920 10000 10000 
10000 10000 10000 
9840 10000 10000 
10000 10000 10000 

9920 10000 10000 
10000 10000 10000 
9840 10000 10000 
10000 10000 10000 

10000 10000 10000 
10000 10000 10000 
10000 10000 10000 
10000 10000 10000 

10000 10000 10000 
10000 10000 10000 
10000 10000 10000 
10000 10000 10000 

10000 10000 10000 
10000 10000 10000 
10000 10000 10000 
10000 10000 10000 

10000 9976 10000 
10000 10000 10000 
10000 10000 10000 
10000 10000 10000 

10000 10000 10000 
10000 10000 10000 
10000 10000 10000 
10000 10000 10000 

10016 9932 9919 
10000 10000 10000 
10000 10000 10000 
10000 10000 10000 

10000 10006 10000 
10000 10014 10000 
10110 10000 10000 
10000 10000 10000 

10000 10000 10000 
10000 10000 10000 
10000 10000 10000 
10000 10000 10000 

10000 10000 10033 
10000 10000 10000 
10000 10000 10000 
10000 10000 10000 

10000 10000 10000 
10000 10000 10000 
10000 10000 10000 
10000 10000 10000 

10000 10000 10000 
10000 10075 10000 
10000 10000 10000 
10000 10000 10000 

10000 10000 10000 
10000 10000 10000 
10000 10000 10000 
10000 10000 10000 

10000 10000 10000 
10000 10000 10000 
10000 10000 10000 
10000 10000 10000 

10000 10000 10000 
10000 10000 10000 
10000 10000 10000 
10000 10000 10000 

10000 10000 10000 
10000 10000 10000 
10000 10000 10000 
10000 10000 10000 

10000 10000 10000 
10000 10000 10000 
10000 10000 10000 
10000 10085 10000 

10000 10000 10000 
10000 10000 10000 
10000 10000 10000 
10000 10000 10000 

10000 10000 10000 
10000 10000 10000 
10000 10000 10000 
10000 10000 10000 

10000 10000 10000 
10000 10000 10000 
10000 10000 10000 
10000 10000 10000 

10000 10000 10000 
10000 10000 10000 
10000 10000 10000 
10000 10000 10000 

10000 10000 10000 
10000 10000 10000 
10000 10000 10000 
10000 10000 10000 

10000 10000 10000 
10000 10000 10000 
10000 10000 10000 
10000 10000 10000 

10000 10000 10000 
10000 10000 10000 
10000 10000 10000 
10000 10000 10000 

10000 10000 10000 
10000 10000 10000 
10000 10000 10000 
10000 10000 10000 

10000 10000 10000 
9989 10000 10000 
10000 10000 10000 
10000 10000 10000 

10000 10000 10000 
10000 10000 10000 
10000 10000 10000 
10000 10000 10000 

10000 10000 10000 
10046 10000 10000 
10000 10000 10000 
10000 10000 10000 

10000 10000 10000 
10000 10000 10000 
10000 10000 10000 
10000 10000 10000 

10000 10000 10000 
10000 10122 10000 
10000 10000 10000 
10000 9878 10000 

10000 10066 10000 
9929 10000 10000 
10000 10000 10000 
10071 10000 10000 

10000 10066 10000 
10000 10000 10000 
10000 10000 10000 
10000 10000 10000 

10000 10066 10000 
10000 10000 10000 
10000 10000 10000 
10000 10000 10000 

10000 10000 10000 
10000 10000 10000 
10000 10000 10000 
10000 10000 10000 

10000 10000 10000 
10000 10000 10000 
10000 10000 10000 
10000 10000 10000 

10000 10000 10000 
10000 10000 10000 
10000 10000 10000 
10000 10000 10000 

10000 9976 10000 
10000 10000 10000 
10000 10000 10000 
10000 10000 10094 

10000 10000 10000 
10000 10000 10000 
10000 10000 10000 
10000 10000 10094 

10016 9932 9919 
10000 10000 10000 
10000 10000 10000 
10000 10000 10094 

10000 10006 10000 
10000 10014 10000 
10110 10000 10000 
10000 10000 10000 

10000 10000 10000 
10000 10000 10000 
10000 10000 10000 
10000 10000 10000 

10000 10000 10033 
10000 10000 10000 
10000 10000 10000 
10000 10000 10000 

10000 10000 10000 
10000 10000 10000 
10000 10000 10000 
10000 10000 10000 

10000 10000 10000 
10000 10075 10000 
10000 10000 10000 
10000 10000 10000 

10000 10000 10000 
10000 10000 10000 
10000 10000 10000 
10000 10000 10000 

10000 10000 10000 
10000 10000 10000 
10000 10000 10000 
10000 10000 10000 

10000 10000 10000 
10000 10000 10000 
10000 10000 10000 
10000 10000 10000 

10000 10000 10000 
10000 10000 10000 
10000 10000 10000 
10000 10000 10000 

10000 10000 10000 
10000 10000 10000 
10000 10000 10000 
10000 10000 10000 

10000 10000 10000 
10000 10000 10000 
10000 10000 10000 
10000 10000 10000 

10000 10000 10000 
10000 10000 10000 
10042 10000 10000 
10000 10000 10000 

10000 10000 10000 
10000 10000 10000 
10000 10000 10000 
10000 10000 10000 

10000 10000 10000 
10000 10000 10000 
10000 10000 10000 
10000 10000 10000 

10000 10000 10000 
10000 10000 10000 
10000 10000 10000 
10000 10000 10000 

10000 10000 10000 
10000 10000 10000 
10000 10000 10000 
10000 10000 10000 

10000 10000 10000 
10000 10000 10000 
10000 10000 10082 
10000 10000 10000 

10000 10000 10082 
10000 10000 10000 
10000 10000 9719 
10000 10000 10000 

10000 10000 10082 
9989 10000 10000 
10000 10000 9719 
10000 10000 10000 

10000 10000 10000 
10000 10000 10000 
10000 10000 9637 
10000 10000 10000 

10000 10000 10000 
10000 10000 10000 
10000 10000 9637 
10000 10000 10000 

10000 10000 10000 
10000 10000 10091 
10000 10000 9637 
10000 10000 10000 

10000 10000 10000 
10000 10219 10091 
10000 10000 9637 
10000 9878 10000 

10000 10000 10000 
9929 10000 10000 
10000 10000 9637 
10071 10000 10000 

10000 10000 10000 
10000 10000 10000 
10000 10000 9637 
10000 10000 10000 

10000 10000 10000 
10000 10000 10000 
10000 10000 9637 
10000 10000 10000 

10000 10000 10000 
10000 10000 10000 
10000 10000 9637 
10000 10027 10000 

10000 10000 10000 
10000 10000 10000 
10000 10000 9637 
10000 10000 10000 

10000 10000 10000 
10000 10000 10000 
10000 10000 9637 
10000 10000 10000 

10000 9976 10000 
9910 10000 10000 
10000 10000 10000 
10000 10000 10000 

10000 10000 10000 
10000 10000 10000 
10000 10000 10000 
10000 10000 10000 

10016 9932 10000 
10000 10000 10000 
10000 10000 10000 
10000 10000 10000 

10000 10006 10000 
10000 10014 10000 
10110 10000 10000 
10000 10000 10000 

10000 10000 10000 
10000 10000 10000 
10000 10000 10000 
10000 10000 10000 

10000 10000 10033 
10000 10000 10000 
10000 10000 10000 
10000 10000 10000 

10000 10000 10000 
10000 10000 10000 
10000 10000 10000 
10000 10000 10000 

10000 10000 10000 
10000 10075 10000 
10000 10000 10000 
10000 10000 10000 

10000 10000 10000 
10000 10000 10000 
10000 10000 10000 
10000 10000 10000 

10000 10000 10000 
10000 10000 10000 
10000 9891 10000 
10000 10000 10000 

10000 10000 10000 
10000 10000 10000 
10000 9891 10000 
10000 10000 10000 

10000 10000 10000 
10000 10000 10000 
10000 9891 10000 
10000 10000 10000 

10000 10000 10000 
10000 10000 10000 
10000 9891 10000 
10000 10000 10000 

10000 10000 10000 
10000 10000 10000 
10000 9891 10000 
10000 10000 10000 

10000 10000 10000 
10000 10000 10000 
10042 9891 10000 
10000 10000 10000 

10000 10000 10000 
10000 10000 10000 
10000 9891 10000 
10000 10000 10000 

10000 10000 10000 
10000 10000 10000 
10000 10000 9968 
10000 10000 10000 

10000 10000 10000 
10000 10000 10000 
10000 10000 9968 
10000 10000 10000 

10000 10000 10000 
10000 10000 10000 
10000 10000 9968 
10000 10000 10000 

10000 10000 10000 
10000 10000 10000 
10000 10000 9968 
10000 10000 10000 

10000 10000 10000 
10000 10000 10000 
10000 10000 9968 
10000 10000 10000 

10000 10000 10000 
9989 10000 10000 
10000 10000 9968 
10000 10000 10000 

10000 10000 10000 
10000 10000 10000 
10000 10000 9968 
10000 10000 10000 

10000 10000 10000 
10000 10000 10000 
10000 10000 9968 
10000 10000 10000 

10000 10000 10000 
10000 10000 10000 
10000 10000 10000 
10000 10000 10000 

10000 10000 10000 
10000 10122 10000 
10000 10000 10000 
10000 9878 10000 

10000 10000 10000 
9929 10000 10000 
10000 10000 10000 
10071 10000 10000 

10000 10000 10000 
10000 10000 10000 
10000 10000 10000 
10000 10000 10000 

10000 10000 10000 
10000 10000 10000 
10000 10000 10000 
10000 10000 10000 

10000 10000 10000 
10000 10000 10000 
10000 10000 10000 
10000 10027 10000 

10000 10000 10000 
10000 10000 10000 
10000 10000 10000 
10000 10000 10000 

10000 10000 10000 
10000 10000 10000 
10000 10000 10000 
10000 10000 10000 

10000 9976 10000 
10000 10000 10000 
10000 10000 10000 
10000 10000 10000 

10000 10000 10000 
10000 10000 10000 
10000 10000 10000 
10000 10000 10000 

10016 10000 10000 
10000 10000 10000 
10000 10000 10000 
10000 10000 10000 

10000 10006 10000 
10000 10014 10000 
10110 10000 10000 
10000 10000 10000 

10000 10000 10000 
10000 10000 10000 
10000 10000 10000 
10000 10000 10000 

10000 10000 10033 
10000 10000 10000 
10000 10000 10000 
10000 10000 10000 

10000 10000 10000 
10000 10000 10000 
10000 10000 10000 
10000 10000 10000 

10000 10000 10000 
10000 10000 10000 
10000 10000 10000 
10000 10000 10000 

10000 10000 10000 
10000 10000 10000 
10000 10000 10000 
10000 10000 10000 

10000 10000 10000 
10000 10000 10000 
10000 10000 10000 
10000 10000 10000 

10000 10000 10000 
10000 10000 10000 
10000 10000 10000 
10000 10000 10000 

10000 10000 10000 
10000 10000 10000 
10000 10000 10000 
10000 10000 10000 

10000 10000 10000 
10000 10000 10000 
10000 10000 10000 
10000 10000 10000 

10000 10000 10000 
10000 10000 10000 
10000 10000 10000 
10000 10000 10000 

10000 10000 10000 
10000 10000 10000 
10000 10000 10000 
10000 10000 10000 

10000 10000 10000 
10000 9927 10000 
10000 10000 10000 
10000 10000 10000 

10000 10000 10000 
10000 10000 10000 
10000 10000 10000 
10000 10000 10000 

10000 10000 10000 
10000 10000 10000 
10000 10000 10000 
10000 10000 10000 

10000 10000 10000 
10000 10000 10000 
10000 10000 10000 
10000 10000 10000 

10000 10000 10000 
10000 10000 10000 
10000 10000 10000 
10000 10000 10000 

10000 10000 10000 
10000 10000 10000 
10000 10000 10000 
10000 10000 10000 

10000 10000 10000 
9989 10000 10000 
10000 10000 10000 
10000 10000 10000 

10000 10000 10000 
10000 10000 10000 
10000 10000 10000 
10000 10000 10000 

10000 10000 10000 
10000 10000 10000 
10000 10000 10000 
10000 10000 10000 

10000 10000 10000 
10000 10000 10000 
10000 10000 10000 
10000 10000 10000 

10000 10000 10000 
10000 10122 10000 
10000 10000 10000 
10000 9878 10000 

10000 10000 10000 
9929 10000 10000 
9889 10000 10000 
10071 10000 10000 

10000 10000 10000 
10000 10000 10000 
9889 10000 10000 
10000 10000 10000 

10000 10000 10000 
10000 10000 10000 
9889 10000 10000 
10000 10000 10000 

10000 10000 10000 
10000 10000 10000 
9889 10000 10000 
10000 10000 10000 

10000 10000 10000 
10000 10000 10000 
9889 10000 10076 
10000 10000 10000 

10000 10000 10000 
10000 10000 10000 
9889 10000 10000 
10000 10000 10000 

10000 9976 10000 
10000 10000 10000 
9889 10000 10000 
10000 10000 10000 

10000 10000 10000 
10000 10000 10000 
10000 10000 10000 
10000 10000 10000 

10016 10000 10000 
10000 10000 10000 
10000 10000 10000 
10000 10000 10000 

10000 10006 10000 
10000 10014 10000 
10110 10000 10000 
10000 10000 10000 

10000 10000 10000 
10000 10000 10000 
10000 10000 10000 
10000 10000 10000 

10000 10000 10033 
10000 10000 10000 
10000 10000 10000 
10000 10000 10000 

10000 10000 10000 
10000 10000 10000 
10000 10000 10000 
10000 10000 10000 

10000 10000 10000 
10000 10000 10000 
10000 10000 10000 
10000 10000 10000 

10000 10000 10000 
10000 10000 10000 
10000 10000 10000 
10000 10000 10000 

10000 10000 10000 
10000 10000 10000 
10000 10000 10000 
10000 10000 10000 

10000 10000 10000 
10000 10000 10029 
10000 10000 10000 
10000 10000 10000 

10000 10000 10000 
10000 10000 10000 
10000 10000 10000 
10000 10000 10000 

10000 10000 10000 
10000 10000 10000 
10000 10000 10000 
10000 10000 10000 

10000 10000 10000 
10000 10000 10000 
10000 10000 10000 
10000 10000 10000 

10000 10000 10000 
10000 10000 10000 
10000 10000 10000 
10000 10000 10000 

10000 10000 10000 
10000 10000 10000 
10000 10000 10000 
10000 10000 10000 

10000 10000 10000 
10000 10000 10000 
10103 10000 10000 
10000 10000 10000 

10000 10000 10000 
10000 10000 10000 
10000 10000 10000 
10000 10000 10000 

10000 10000 10000 
10000 10000 10000 
10000 10000 10000 
10000 10000 10000 

10000 10000 10000 
10000 10000 10000 
10000 10000 10000 
10000 10000 10000 

10000 10000 10000 
10000 10000 10000 
10000 10000 10000 
10000 10000 10000 

10000 10000 10000 
9989 10000 10000 
10000 10000 10000 
10000 10000 10000 

10000 10000 10000 
10000 10000 10000 
10000 10000 10000 
10000 10000 10000 

10000 10000 10000 
10000 10000 10000 
10000 10000 10000 
10000 10000 10114 

10000 10000 10000 
10000 10000 10000 
10000 10000 10000 
10000 10000 10114 

10000 10000 10000 
10000 10122 10000 
10000 10000 10000 
10000 9878 10114 

10000 10000 10000 
9929 10000 10000 
10000 10000 10000 
10071 10000 10114 

10000 10000 10000 
10000 10000 10000 
10000 10000 10000 
10000 10000 10114 

10000 10000 10000 
10000 10000 10000 
10000 10000 10000 
10000 10000 10114 

10000 10000 10000 
10000 10000 10000 
10000 10000 10000 
10000 10000 10114 

10000 10000 10042 
10000 10000 10000 
10000 10000 10076 
10000 10000 10000 

10000 10000 10000 
10000 10000 10000 
10000 10000 10000 
10000 10000 10000 

10000 9976 10000 
10000 10000 10000 
10000 10000 10000 
10000 10000 10000 

10000 10000 10000 
10000 10000 10000 
10000 10000 10000 
10000 10000 10000 

10016 10000 10000 
10000 10000 10000 
10000 10000 10000 
10000 10000 10000 

10000 10006 10000 
10000 9987 10000 
10110 10000 10000 
10000 10000 10000 

10000 10000 10000 
10000 9973 10000 
10000 10000 10000 
10000 10000 10000 

10000 10000 10033 
10000 9973 10000 
10000 10000 10000 
10000 10000 10000 

10000 10000 10000 
10000 9973 10000 
10000 10000 10000 
10000 10000 10000 

10000 10000 10000 
10000 9973 10000 
10000 10000 10000 
10000 10000 10007 

10000 10000 10000 
10000 9973 10000 
10000 10000 10000 
10000 10000 10000 

10000 10000 10000 
10000 9973 10000 
10000 10000 10000 
10000 10000 10000 

10000 10000 10000 
10000 9973 10029 
10000 10000 10000 
10000 10000 10000 

10000 10000 10000 
10000 9973 10000 
10000 10000 10000 
10000 10000 10000 

10000 10000 10000 
10000 9973 10000 
10000 10000 10000 
10000 10000 10000 

10000 10000 10000 
10000 9973 10000 
10000 10000 10000 
10000 10000 10000 

10000 10000 10000 
10000 9973 10000 
10000 10000 10000 
10000 10000 10000 

10000 10000 10000 
10000 9973 10000 
10000 10000 10000 
10000 10000 10000 

10000 10000 10000 
10000 9973 10000 
10000 10000 10000 
10000 10000 10000 

10000 10000 10000 
10000 9973 10000 
10000 10000 10000 
10000 10000 10000 

10000 10000 10000 
10000 10000 10000 
10000 10000 10000 
10000 10000 10000 

10000 10000 10000 
10000 10000 10000 
10000 10000 9929 
9975 10000 10000 

10000 10000 10000 
10000 10000 10000 
10000 10000 10000 
9975 10000 10000 

10000 10000 10000 
10000 10000 10000 
10000 10000 10000 
9975 10000 10000 

10000 10000 10000 
10000 10000 10000 
10000 10000 10000 
9975 10000 10000 

10000 10000 10000 
10000 10000 10000 
10000 10000 10000 
9975 10000 10000 

10000 10000 10000 
10000 10000 10000 
10000 10000 10000 
9975 10000 10000 

10000 10000 10000 
10000 10122 10000 
10000 10000 10000 
9975 9878 10000 

10000 10000 10000 
10071 10000 10000 
10000 10000 10000 
10046 10000 10000 

10000 10000 10000 
10000 10000 10000 
10000 10000 10000 
9975 10000 10000 

10000 10000 10000 
10000 10000 10000 
10000 10000 10000 
9975 10000 10000 

10000 10000 10000 
10000 10000 10000 
10000 10000 10000 
9975 10000 10000 

10000 10000 10042 
10000 10000 10000 
10000 10000 10076 
9975 10000 10000 

10000 10000 10000 
10000 10000 10000 
10000 10000 10000 
9975 10000 10000 

10000 9976 10000 
10000 10000 10000 
10000 9878 10000 
10000 10000 10000 

10000 10000 10000 
10000 10000 10000 
10000 9878 10000 
10000 10000 10000 

10016 10000 10000 
10000 10000 10000 
10000 10000 10000 
10000 10000 10000 

10000 10006 10000 
10000 10014 10000 
10110 10000 9906 
10000 10000 10000 

10000 10000 10000 
10000 10000 10000 
10000 10000 9906 
10000 10000 10000 

10000 10000 10000 
10000 10000 10000 
10000 10000 9906 
10000 10000 10000 

10000 10000 10000 
10000 10000 10059 
10000 10000 9906 
10000 10000 10118 

10000 10000 10000 
10000 10000 10000 
10000 10000 9906 
10000 10000 10007 

10000 10000 10000 
10000 10000 10000 
10000 10000 9906 
10000 10000 10000 

10000 10000 10000 
10000 10000 10000 
10000 10000 9906 
10000 10000 10000 

10000 10000 10090 
10000 10000 10029 
10000 10000 9996 
10000 9907 10000 

10000 10000 10090 
10000 10000 10000 
10000 10000 9996 
10000 9907 10000 

10000 10000 10170 
10000 10000 10000 
10000 10000 10076 
10000 9907 10000 

10000 10000 10170 
10000 10000 10000 
10000 10000 10076 
10000 9907 10000 

10000 10000 10170 
10000 10000 10078 
10000 10000 10076 
10000 9907 9922 

10000 10000 10170 
10000 10000 10078 
10000 10000 10076 
10000 9907 9922 

10000 10000 10080 
10000 10000 10078 
10000 10000 10170 
10000 9907 9922 

10000 10000 10000 
10000 10000 10078 
10000 10000 10090 
10000 9907 9922 

10000 10000 10000 
10000 10000 10078 
10000 10000 10090 
10000 9907 9922 

10000 10000 10000 
10000 10000 10078 
10000 10000 10090 
10000 10000 9922 

10000 10000 10000 
10000 10000 10078 
10000 10000 10000 
10000 10000 9922 

10000 10000 10000 
9989 10000 10078 
10000 10000 10000 
10000 10000 9922 

10000 10000 10000 
10000 10000 10078 
10000 10000 10000 
10000 10000 9922 

10000 10000 10000 
10000 10000 10000 
10000 10000 10000 
10000 10000 10000 

10000 10000 10000 
10000 10000 10000 
10000 10000 10000 
10000 10000 10000 

10000 10000 10000 
10000 10122 10000 
10000 10000 10000 
10000 9878 10000 

10000 10000 10000 
9929 10000 10000 
10000 10000 10000 
10071 10000 10000 

10000 10000 10000 
10000 10000 10000 
10000 10000 10000 
10000 10000 10000 

10000 10000 10000 
10000 10000 10000 
10000 10000 10000 
10000 10000 10000 

10000 10000 10000 
10000 10000 10000 
10000 10000 10000 
10000 10000 10000 

10000 10000 10042 
10000 10000 10000 
10000 10000 10076 
10000 10000 10000 

10000 10000 10000 
10000 10000 10000 
10000 10000 10000 
10000 10000 10000 

10000 10000 10000 
10000 10000 10000 
10000 10000 10000 
10000 10000 10000 

10000 10000 10000 
10000 10000 10000 
10000 10000 10000 
10000 10000 10000 

10000 10000 10000 
10000 10000 10000 
10000 10000 10000 
10000 10000 10000 

10000 9945 10000 
10000 10014 10000 
10110 10000 10000 
10000 10000 10000 

10000 10000 10000 
10000 10000 10000 
10000 10000 10000 
10000 10000 10000 

10000 9993 10033 
10000 10000 10000 
10000 10000 10000 
10000 10000 10000 

10000 10000 10000 
10000 10000 10000 
10000 10000 10000 
10000 10000 10000 

10000 10000 10000 
10000 10000 10000 
10000 10000 10000 
10000 10000 10007 

10000 10000 10000 
10000 10000 10000 
10000 10000 10000 
10000 10000 10000 

10000 10000 10000 
10000 10000 10000 
10000 10081 10000 
10075 10000 10000 

10000 10000 10000 
10000 10000 10000 
10000 10081 10000 
10075 10000 10000 

10000 10000 10000 
10000 10000 10000 
10000 10081 10000 
10075 10000 10000 

10000 10000 10000 
10000 10000 10000 
10000 10081 10000 
10075 10000 10000 

10000 10000 10000 
10000 10000 10000 
10000 10081 10000 
10075 10000 10000 

10000 10000 10000 
10000 10000 10000 
10000 10081 10000 
10075 10000 10000 

10000 10000 10000 
10000 10000 10000 
10000 10081 10000 
10075 10000 10000 

10000 10000 10000 
10000 10000 10000 
10000 10081 10000 
10075 10000 10000 

10000 9930 10000 
10000 10000 10000 
10000 10000 10000 
10075 10000 10000 

10000 9930 10000 
10050 10000 10000 
10000 10000 10000 
10125 10000 10000 

10000 9930 10000 
10050 10000 10000 
10000 10000 10000 
10125 10000 10000 

10000 9930 10000 
10050 10000 10000 
10000 10000 10000 
10125 10000 10000 

10000 9930 10000 
10050 10000 10000 
10000 10000 10000 
10125 10000 10000 

10000 9930 10000 
10050 10000 10000 
10000 10000 10000 
10125 10000 10000 

10000 9930 10248 
10050 10000 10000 
10000 10000 9876 
10125 10000 10000 

10000 9930 10248 
10050 10000 10000 
10000 10000 9876 
10125 10000 10000 

10000 9930 10248 
10000 10122 10000 
10000 10000 9876 
10050 9878 10000 

10000 9930 10358 
10071 10000 10000 
10000 10000 9986 
10121 10000 10000 

10000 9930 10248 
10000 10000 10000 
10000 10000 9876 
10050 10000 10000 

10000 9930 10000 
10000 10000 10000 
10000 10000 10000 
10050 10000 10000 

10000 9930 10000 
10000 10000 10000 
10000 10000 10000 
10050 10000 10000 

10000 9930 10000 
10000 10000 10000 
10000 10000 10076 
10050 10000 10000 

10000 10000 10000 
10000 10000 10000 
10000 10000 10000 
10000 10000 10000 

10000 10000 10100 
10000 10000 10000 
10000 10000 10000 
10000 10000 10000 

10000 10000 10000 
10000 10000 10000 
10000 10000 10000 
10000 10000 10000 

10000 10000 10000 
10000 10000 10000 
10000 10000 10000 
10000 10000 10000 

10000 9945 10000 
10000 10014 10000 
10110 10000 10000 
10000 10000 10000 

10000 10000 10000 
10000 10000 10000 
10000 10000 10000 
10012 10000 10000 

10000 9993 10033 
10000 10000 10000 
10000 10000 10000 
10000 10000 10000 

10000 10000 10000 
10000 10000 10000 
10000 10000 10000 
10000 10000 10000 

10000 10000 10000 
10000 10000 10000 
10000 10000 10000 
10000 10000 10007 

10000 10000 10000 
10000 10000 10000 
10000 10000 10000 
10000 10000 10000 

10000 10000 10000 
10000 10000 10000 
10000 10000 10000 
10000 10000 10000 

10000 10000 10000 
10000 10000 10000 
10000 10000 10000 
10000 10000 10000 

10000 10000 10000 
10000 10000 10000 
10000 10000 10000 
10000 10000 10000 

10000 10000 10000 
10000 10000 10000 
10000 10000 10000 
10000 10000 10000 

10000 10000 10000 
10000 10000 10000 
10000 10000 10000 
10000 10000 10000 

10000 10000 10000 
10000 10000 10000 
10000 10000 10000 
10000 10000 10000 

10000 10000 10000 
10000 10000 10000 
10000 10000 10000 
10000 10000 10000 

10000 10000 10000 
10000 10000 10000 
10000 10000 10000 
10000 10000 10000 

10000 10000 10000 
10000 10000 10000 
10000 10000 10000 
10000 10000 10000 

10000 10000 10000 
10000 10000 10000 
10000 10000 10000 
10000 10000 10000 

10000 10000 10000 
10000 10000 10000 
10000 10000 10000 
10000 10000 10000 

10000 10000 10000 
10000 10000 10000 
10000 10000 10000 
10000 10000 10000 

10000 10000 10000 
9989 10000 10000 
10000 10000 10000 
10000 10000 10000 

10000 10000 10000 
10000 10000 10000 
10000 10000 10000 
10000 10000 10000 

10000 10000 10000 
10000 10000 10000 
10000 10000 10000 
10000 10000 10000 

10000 10000 10000 
10000 10000 10000 
10000 10000 10000 
10000 10000 10000 

10000 10000 10000 
10000 10122 10000 
10000 10000 10000 
10000 9878 10000 

10000 10000 10000 
10000 10000 10000 
10000 10000 10110 
10000 10000 10000 

10000 10000 10000 
10000 10000 10000 
10000 10000 10000 
10000 10000 10000 

10000 10000 10000 
10000 10000 10000 
10000 10000 10000 
10000 10000 10000 

10000 10000 10000 
10000 10000 10000 
10000 10000 10000 
10000 10000 10000 

10000 10000 10000 
10000 10000 10000 
10000 10000 10100 
10000 10000 10000 

10000 10000 10000 
10000 10000 10000 
10000 10000 10100 
10000 10000 10000 

10000 10000 10000 
10000 10000 10000 
10000 10000 10000 
10000 10000 10000 

10000 10000 10000 
10000 10000 10000 
10000 10000 10000 
10000 10000 10000 

10000 10000 10000 
10000 10000 10000 
10000 10000 10000 
10000 10000 10000 

10000 9945 10000 
10000 10014 10000 
10000 10000 10000 
10000 10000 10000 

10000 10000 10000 
10000 10000 10000 
10000 10000 10000 
10000 10000 10000 

10000 9993 10033 
10000 10000 10000 
10000 10000 10000 
10000 10000 10000 

10000 10000 10000 
10000 10000 10000 
10000 10000 10000 
10000 9904 10000 

10000 10000 10000 
10000 10000 10000 
10000 10000 10000 
10000 9904 10007 

10000 10000 10000 
10000 10000 10000 
10000 10000 10000 
10000 9904 10000 

10000 10000 10000 
10000 10000 10000 
10000 10000 10000 
10000 9904 10000 

10000 10000 10000 
10000 10000 10000 
10000 10000 10000 
10000 10000 10000 

10000 10000 10000 
10000 10000 10000 
10000 10000 10000 
10000 10000 10000 

10000 10000 10000 
10000 10000 10000 
10000 10000 10000 
10000 10000 10000 

10000 10000 10000 
10000 10000 10000 
10000 10000 10000 
10000 10000 10000 

10000 10000 10000 
10000 10000 10000 
10000 10000 10000 
10000 10000 10000 

10000 10000 10000 
10000 10000 10000 
10000 10000 10000 
10000 10000 10000 

10000 10000 10000 
10000 10000 10000 
10000 10000 10000 
10069 10000 10000 

10000 10000 10000 
10000 10000 10000 
10000 10000 10000 
10000 10000 10000 

10000 10000 10000 
10000 10000 10000 
10000 10000 10000 
10000 10000 10000 

10000 10000 10000 
10000 10000 10000 
10000 10000 10000 
10000 10000 10000 

10000 10000 10000 
10000 10000 10000 
10000 10000 10000 
10000 10000 10000 

10000 10000 10000 
9989 10000 10000 
10000 10000 10000 
10000 10000 10000 

10000 10000 10000 
10000 10000 10000 
10000 10000 10000 
10000 10000 10000 

10000 10000 10000 
10000 10000 10000 
10000 10000 10000 
10000 10000 10000 

10000 10000 10000 
10000 10000 10000 
10000 10000 10000 
10000 10000 10000 

10000 10000 10000 
10000 10122 10000 
10000 10000 10000 
10000 9878 9939 

10000 10000 10000 
10000 10000 10000 
10000 10000 10000 
10000 10000 9939 

10000 10000 10000 
10000 10000 10000 
10000 10000 10000 
9883 10000 9939 

10000 10000 10000 
10000 10000 10000 
10000 10000 10000 
9883 10000 10000 

10000 10000 10000 
10000 10000 10000 
10000 10000 10000 
9883 10000 10000 

10000 10000 10000 
10000 10000 10000 
10000 10000 10000 
9883 10000 10000 

10000 10000 10000 
10000 10000 10000 
10000 10000 10000 
9883 10000 10000 

10000 10000 10000 
10000 10000 10000 
10000 10000 10000 
9883 10000 10000 

10000 10000 10000 
10000 10000 9920 
10000 10000 10000 
9883 10000 10000 

10000 10000 10000 
10000 10000 9920 
10000 10000 10000 
10000 10000 10000 

10000 9945 10000 
10000 10014 10000 
10000 10000 10000 
10000 10000 10000 

10000 10000 10000 
10000 10000 10000 
10000 10103 10000 
10000 10000 10000 

10000 10000 10033 
10000 10000 10000 
10000 10103 10000 
10000 10000 10000 

10000 10000 10000 
10000 10000 10000 
10000 10103 10000 
10000 10000 10000 

10000 10000 9914 
10000 10000 10000 
10000 10103 10000 
10000 10000 10007 

10000 10000 10000 
10000 10000 10000 
10000 10103 10000 
10000 10000 10000 

10000 10000 10000 
10000 10000 10000 
10000 10103 10000 
10000 10000 10000 

10000 10000 10000 
10000 10000 10000 
10000 10103 10000 
10000 10000 10000 

10000 10000 10000 
10000 10000 10000 
10000 10103 10000 
10000 10000 10000 

10000 10000 10000 
10000 10000 10000 
10000 10103 10000 
10000 10000 10000 

10000 10000 10000 
10000 10000 10000 
10000 10103 10000 
10000 10000 10000 

10000 10000 10000 
10000 10000 10000 
10000 10000 10000 
10000 10000 10000 

10000 10000 10000 
10000 10000 10000 
10000 10000 10000 
10000 10000 10000 

10000 10000 10000 
10000 10000 10000 
10000 10000 10000 
10000 10000 10000 

10000 10000 10000 
10000 10000 10000 
10000 10000 9984 
10000 10000 10000 

10000 10000 10000 
10000 10000 10000 
10000 10000 9984 
10000 9891 10000 

10000 10000 10000 
10000 10000 10000 
10000 10000 9984 
10000 9891 10000 

10000 10000 10000 
10000 10000 10000 
10000 10000 9984 
10000 9891 10000 

10000 10000 10000 
10000 10000 10000 
10000 10000 9984 
10000 9891 10000 

10000 10000 10000 
10000 10000 10000 
10000 10000 9984 
10000 9891 10000 

10000 10000 10000 
10000 10000 10000 
10000 10000 9984 
10000 9891 10000 

10000 10000 10000 
10000 10000 10000 
10000 10000 9984 
10000 9891 10000 

10000 10000 10000 
10000 10000 10000 
10000 10000 9984 
10000 9891 10000 

10000 10000 10000 
10000 10000 10000 
10000 10000 9984 
10000 9891 10000 

10000 10000 10000 
10000 10000 10000 
10000 10000 9984 
10000 9891 10000 

10000 10000 10000 
10000 10000 10000 
10000 10000 9984 
10000 9891 10000 

10000 10000 10000 
10000 10000 10000 
10000 10000 9984 
10000 9891 10000 

10000 10000 10000 
10000 10000 10000 
10000 10000 9984 
10000 10000 10000 

10000 10000 10000 
10000 10000 10000 
10000 10000 9984 
10000 10000 10000 

10000 10000 10000 
10000 10000 10000 
10000 10000 9984 
10000 10000 10000 

10000 10000 10000 
10000 10000 10000 
10000 10000 9984 
10000 10000 10000 

10000 10000 10000 
10000 10000 10000 
10000 10000 9984 
10000 10000 10000 

10000 9939 10000 
10000 10014 10000 
10000 10000 10000 
10000 10000 10000 

10000 10000 10000 
10000 10000 10000 
10000 10000 10000 
10000 10000 10000 

10000 9993 10033 
10000 10000 10000 
10000 10000 10000 
9906 10000 10000 

10000 10000 10000 
10000 10000 10000 
10000 10000 10000 
9906 10000 10000 

10000 10000 10000 
10000 10000 10000 
10000 10000 10000 
9906 10000 10007 

10000 10000 10000 
10000 10000 10000 
10000 10000 10000 
9906 10000 10000 

10000 10000 10000 
10000 10000 10000 
10000 10000 10000 
9906 10000 10000 

10000 10000 10000 
10000 10000 10000 
10000 10000 10000 
10000 10000 10000 

10000 10000 10000 
10000 10000 10000 
10000 10000 10000 
10000 10000 10000 

10000 10000 10000 
10000 10000 10000 
10000 10000 10000 
10000 10000 10000 

10000 10000 10000 
10000 10000 10000 
10000 10000 10000 
10000 10000 10000 

10000 10000 10000 
10000 10000 10000 
10000 10000 10000 
10000 10000 10000 

10000 10000 10000 
10000 9924 10000 
10000 10000 10000 
10000 10076 10000 

10000 10000 10000 
10000 9924 10000 
10000 10000 10000 
10000 10076 10000 

10000 10000 10000 
10000 9924 10000 
10000 10000 10000 
10000 10076 10000 

9934 10000 10000 
10000 9924 10000 
10000 10000 10000 
10000 10076 10000 

10000 10000 10000 
10000 10000 10000 
10000 10000 10000 
10000 10000 10000 

10000 10000 10000 
10000 10000 10000 
10000 10000 10000 
10000 10000 10000 

10000 10000 10000 
10000 10000 10000 
10000 10000 10000 
10000 10000 10000 

10000 10000 10000 
10000 10000 10000 
10000 10000 10000 
10000 10000 10000 

10000 10000 10000 
10000 10000 10000 
10000 10000 10000 
10000 10000 10000 

10000 10000 10000 
10000 10000 10000 
10000 10000 10000 
10000 10000 10000 

10000 10000 10000 
10000 10000 10000 
10078 10000 10124 
10000 10000 10000 

10000 10000 10000 
10000 10000 10000 
10078 10000 10000 
10000 10000 10000 

10000 10000 10000 
10000 10000 10000 
10000 10000 10000 
10000 10000 10000 

10000 10000 10000 
10000 10000 10000 
10000 10000 10000 
10000 10000 10000 

10000 10000 10000 
10000 10000 10000 
10000 10000 10000 
10000 10000 10000 

10000 10000 10000 
10000 10000 10000 
10000 10000 10000 
10000 10000 10018 

10000 10000 10000 
10000 10000 10000 
10000 10000 10000 
10000 10000 10000 

10000 10000 10000 
10000 10000 10000 
10000 10000 10000 
10000 10000 10000 

10000 10000 10000 
10000 10000 10000 
10000 10000 10000 
10000 10000 10000 

10000 10000 10000 
10000 10000 10000 
10000 10000 10000 
10000 10000 10000 

10000 9939 10000 
10000 10000 10000 
10000 10000 10000 
10000 10000 10000 

10000 10000 10000 
10000 10000 10000 
10000 10000 10000 
10000 10000 10000 

10000 9993 10000 
10000 10000 10000 
10000 10000 10000 
10000 10000 10000 

10000 10000 10000 
10000 10000 10000 
10000 10000 10000 
10000 10000 10000 

10000 10000 10000 
10000 10000 10000 
10000 10000 10000 
10000 10000 10000 

10000 10000 10000 
10000 10000 10000 
10000 10000 10000 
10000 10000 10000 

10000 10000 10000 
10000 10000 10000 
10000 10000 10000 
9984 10000 10000 

10000 10000 10000 
10000 10000 10000 
10000 10000 10000 
9984 10000 10039 

10000 10000 10000 
10000 10000 10000 
10000 10000 10000 
9984 10000 10039 

10248 10000 10000 
10000 10000 10000 
10372 10000 10000 
9984 10000 10039 

10248 10000 10000 
10000 10000 10000 
10372 10000 10000 
9984 10000 10039 

10312 10000 10032 
10000 10000 10000 
10436 10000 10000 
9984 10000 10039 

10312 10000 10032 
10000 10000 10000 
10436 10000 10000 
9984 10000 10039 

10312 10000 10032 
10000 10000 10000 
10436 10000 10000 
9984 10000 10039 

10312 10000 10032 
10000 10000 10000 
10436 10000 10000 
9984 10000 10039 

10312 10000 10032 
10000 10000 10000 
10436 10000 10000 
9984 10000 10039 

10248 10000 10032 
10000 10000 10000 
10372 10000 10000 
9984 10000 10039 

10248 10000 10032 
10000 10000 10000 
10372 10000 10000 
9984 10000 10039 

10248 10000 10032 
10000 10000 10000 
10372 10000 10000 
9984 10000 10039 

10248 10000 10000 
10000 10000 10000 
10372 10000 10000 
9984 10000 10039 

10248 10000 10000 
10000 10000 10000 
10372 10000 10000 
9984 10000 10039 

10248 10000 10000 
10000 10000 10000 
10372 10000 10000 
10000 10000 10039 

10248 10000 10000 
10000 10000 10000 
10372 10000 10000 
10000 10000 10039 

10248 10000 10000 
10000 10000 10000 
10372 10000 10000 
10000 10000 10039 

10000 10000 10000 
10000 10000 10000 
10000 10000 10000 
10000 10000 10039 

10000 10000 10000 
10000 10000 10000 
10000 10000 10000 
10000 10000 10039 

10000 10000 10000 
10000 10000 10000 
10000 10000 10000 
10000 10000 10039 

10000 10000 10000 
10000 10000 10000 
10000 10000 10000 
10000 10000 10039 

10000 10000 10000 
10000 10000 10000 
10000 10000 10000 
10000 10000 10039 

10000 10000 10000 
10000 10000 10000 
10000 10000 10000 
10000 10000 10039 

10000 10000 10000 
10000 10000 10000 
10000 10000 10000 
10000 10000 10039 

10000 10000 10000 
10000 10000 10000 
10000 10000 10000 
10000 10000 10000 

10000 9939 10000 
10000 10000 10000 
10000 10000 10000 
10000 10000 10000 

10000 10000 10000 
10000 10000 10000 
10000 10000 10000 
10000 10000 10000 

10000 10000 10000 
10000 10000 10000 
10000 10014 10000 
10000 10094 10000 

10000 10000 10000 
10000 10000 10000 
10000 10014 10000 
10000 10094 10000 

9956 10014 10000 
10000 10000 10000 
10000 10103 10000 
10000 10094 10000 

9956 10014 10000 
10000 10000 10000 
10000 10103 10000 
10000 10094 10000 

9956 10014 10000 
10000 10000 10000 
10000 10103 10000 
10000 10094 10000 

9956 10014 10000 
10000 10000 10000 
10000 10103 10000 
10000 10094 10000 

9956 10014 10000 
10000 10000 10000 
10000 10103 10000 
10000 10094 10000 

10000 10000 10000 
10000 10000 10000 
10000 10089 10000 
10000 10094 10000 

10000 10000 10000 
10000 10000 10000 
10000 10089 10000 
10000 10094 10000 

10000 10000 10000 
10000 10000 10000 
10000 10000 10000 
10000 10094 10000 

10000 10000 10000 
10000 10000 10000 
10000 10000 10000 
10000 10094 10000 

10000 10000 10000 
10000 10000 10000 
10000 10000 10000 
10000 10094 10000 

10000 10000 10000 
10000 10000 10000 
10000 10000 10000 
10000 10094 10000 

10000 10000 10000 
9905 10000 10000 
10000 10000 10000 
10000 10094 10000 

10000 10000 10000 
10000 10000 10000 
10000 10000 10000 
10000 10094 10000 

10000 10000 10000 
10000 10000 10000 
10000 10000 10000 
10000 10094 10000 

10000 10000 10000 
10000 10000 10000 
10000 10000 10000 
10000 10094 10000 

10000 10000 10000 
10000 9998 10000 
10000 10058 10000 
10000 10000 10000 

10000 10000 10000 
10000 10000 10000 
10000 10000 10000 
10000 10000 10000 

10000 10000 10000 
10000 10000 10000 
10000 10000 10000 
10000 10000 10000 

10000 10000 10000 
10000 10000 10000 
10000 10000 10000 
10000 10000 10000 

10000 10000 10000 
10000 10000 10000 
10000 10000 10000 
10000 10000 10000 

10000 10000 10000 
10000 10000 10000 
10000 10000 10000 
10000 10000 10000 

10000 10000 10000 
10000 10000 10000 
10000 10000 10000 
10000 10000 10000 

10000 10000 10000 
10000 10000 10000 
10000 10000 10000 
10000 10000 10000 

10000 10000 10000 
10000 10000 10000 
10000 10000 10000 
10000 10000 10000 

10000 10000 10000 
10000 10000 10000 
10000 10000 10000 
10000 10000 10000 

10000 10000 10000 
10000 10000 10000 
10000 10000 10000 
10000 10000 10000 

10000 10000 10000 
10000 10000 10000 
10000 10000 10000 
10000 10000 10000 

10000 10000 10000 
10000 10000 10000 
10000 10000 10000 
10000 10000 10000 

10000 10000 10000 
10000 10000 10000 
10000 10000 10000 
10000 10000 10000 

10000 10000 10000 
10000 10000 10000 
10000 10000 10000 
10000 10000 10000 

10000 10000 10000 
10000 10000 10000 
10000 10000 10000 
10000 10000 10000 

10000 10000 10000 
9890 10000 10000 
10000 10000 10000 
10000 10096 10000 

10000 10000 10000 
9890 10000 10000 
10000 10000 10000 
10000 10096 10000 

10000 10000 10000 
9890 10000 10000 
10000 10000 10000 
10000 10000 10000 

10000 10000 10000 
9890 10000 10000 
10000 10000 10000 
10000 10000 10000 

10000 10000 10000 
9890 10000 10000 
10000 10000 10000 
10000 10000 10000 

10000 10000 10000 
9890 10000 10000 
10000 10000 10000 
10000 10017 10000 

10000 10000 9952 
9890 10000 10000 
10000 10000 10000 
10000 10017 10000 

10000 10000 9952 
9890 10000 10000 
10000 10000 10000 
10000 10017 10000 

10000 10000 9952 
10000 10000 10000 
10000 10000 10000 
10000 10017 10000 

10000 10000 10000 
10000 10000 10000 
10000 10000 10000 
10000 10017 9976 

10000 10000 10000 
10000 10000 10000 
10000 10000 10000 
10000 10017 9976 

10000 10000 10000 
10000 10000 10000 
10000 10000 10000 
10000 10017 9976 

10000 10000 10000 
10000 10000 10000 
10000 10000 10000 
10000 10017 9976 

10000 10000 10000 
10000 10000 10000 
10000 10000 10000 
10000 10017 9976 

10000 10000 10000 
10000 10000 10000 
10000 10000 10000 
10000 10017 10000 

10000 10000 10000 
10000 10000 10000 
10000 10000 10000 
10000 10017 10000 

10000 10000 10060 
10000 10000 10000 
10000 10000 9940 
10000 10017 10000 

10000 10000 10000 
10000 10000 10000 
10000 10000 10000 
10000 10017 10000 

10000 10000 10000 
10000 10000 10000 
10000 10000 10000 
10000 9903 10000 

10000 10000 10000 
10000 10000 10000 
10000 10000 10000 
10000 9903 10000 

10000 10000 10000 
10000 10000 10000 
10000 10000 10000 
10000 9903 10000 

10000 10000 10000 
10000 10000 10000 
10000 10000 10000 
10000 10017 10000 

10000 10000 10000 
10000 10000 10000 
10000 10000 10000 
10000 10017 10000 

10000 10000 10000 
10000 10000 10000 
10000 10000 10000 
10000 10017 10000 

10000 10000 10000 
10000 10000 10000 
10000 10000 10000 
10000 10017 10000 

10000 10000 10000 
10000 10000 10000 
10000 10000 10000 
10000 10017 10000 

10000 10000 10000 
10000 10000 10000 
10000 10000 10000 
10000 10017 10000 

10000 10000 10000 
10000 10000 10000 
10000 10000 10000 
10000 10017 10000 

10000 10000 10000 
10000 10000 10000 
10000 10000 10000 
10000 10000 10000 

